00100101001001001
00100101001001010
00100101001001100
00100101001010001
00100101001010010
00100101001010100
00100101001100001
00100101001100010
00100101001100100
00100101010001001
00100101010001010
00100101010001100
00100101010010001
00100101010010010
00100101010010100
00100101010100001
00100101010100010
00100101010100100
00100101100001001
00100101100001010
00100101100001100
00100101100010001
00100101100010010
00100101100010100
00100101100100001
00100101100100010
00100101100100100
00100110001001001
00100110001001010
00100110001001100
00100110001010001
00100110001010010
00100110001010100
00100110001100001
00100110001100010
00100110001100100
00100110010001001
00100110010001010
00100110010001100
00100110010010001
00100110010010010
00100110010010100
00100110010100001
00100110010100010
00100110010100100
00100110100001001
00100110100001010
00100110100001100
00100110100010001
00100110100010010
00100110100010100
00100110100100001
00100110100100010
00100110100100100
00101001001001001
00101001001001010
00101001001001100
00101001001010001
00101001001010010
00101001001010100
00101001001100001
00101001001100010
00101001001100100
00101001010001001
00101001010001010
00101001010001100
00101001010010001
00101001010010010
00101001010010100
00101001010100001
00101001010100010
00101001010100100
00101001100001001
00101001100001010
00101001100001100
00101001100010001
00101001100010010
00101001100010100
00101001100100001
00101001100100010
00101001100100100
00101010001001001
00101010001001010
00101010001001100
00101010001010001
00101010001010010
00101010001010100
00101010001100001
00101010001100010
00101010001100100
00101010010001001
00101010010001010
00101010010001100
00101010010010001
00101010010010010
00101010010010100
00101010010100001
00101010010100010
00101010010100100
00101010100001001
00101010100001010
00101010100001100
00101010100010001
00101010100010010
00101010100010100
00101010100100001
00101010100100010
00101010100100100
00110001001001001
00110001001001010
00110001001001100
00110001001010001
00110001001010010
00110001001010100
00110001001100001
00110001001100010
00110001001100100
00110001010001001
00110001010001010
00110001010001100
00110001010010001
00110001010010010
00110001010010100
00110001010100001
00110001010100010
00110001010100100
00110001100001001
00110001100001010
00110001100001100
00110001100010001
00110001100010010
00110001100010100
00110001100100001
00110001100100010
00110001100100100
00110010001001001
00110010001001010
00110010001001100
00110010001010001
00110010001010010
00110010001010100
00110010001100001
00110010001100010
00110010001100100
00110010010001001
00110010010001010
00110010010001100
00110010010010001
00110010010010010
00110010010010100
00110010010100001
00110010010100010
00110010010100100
00110010100001001
00110010100001010
00110010100001100
00110010100010001
00110010100010010
00110010100010100
00110010100100001
00110010100100010
00110010100100100
01000101001001001
01000101001001010
01000101001001100
01000101001010001
01000101001010010
01000101001010100
01000101001100001
01000101001100010
01000101001100100
01000101010001001
01000101010001010
01000101010001100
01000101010010001
01000101010010010
01000101010010100
01000101010100001
01000101010100010
01000101010100100
01000101100001001
01000101100001010
01000101100001100
01000101100010001
01000101100010010
01000101100010100
01000101100100001
01000101100100010
01000101100100100
01000110001001001
01000110001001010
01000110001001100
01000110001010001
01000110001010010
01000110001010100
01000110001100001
01000110001100010
01000110001100100
01000110010001001
01000110010001010
01000110010001100
01000110010010001
01000110010010010
01000110010010100
01000110010100001
01000110010100010
01000110010100100
01000110100001001
01000110100001010
01000110100001100
01000110100010001
01000110100010010
01000110100010100
01000110100100001
01000110100100010
01000110100100100
01001001001001001
01001001001001010
01001001001001100
01001001001010001
01001001001010010
01001001001010100
01001001001100001
01001001001100010
01001001001100100
01001001010001001
01001001010001010
01001001010001100
01001001010010001
01001001010010010
01001001010010100
01001001010100001
01001001010100010
01001001010100100
01001001100001001
01001001100001010
01001001100001100
01001001100010001
01001001100010010
01001001100010100
01001001100100001
01001001100100010
01001001100100100
01001010001001001
01001010001001010
01001010001001100
01001010001010001
01001010001010010
01001010001010100
01001010001100001
01001010001100010
01001010001100100
01001010010001001
01001010010001010
01001010010001100
01001010010010001
01001010010010010
01001010010010100
01001010010100001
01001010010100010
01001010010100100
01001010100001001
01001010100001010
01001010100001100
01001010100010001
01001010100010010
01001010100010100
01001010100100001
01001010100100010
01001010100100100
01010001001001001
01010001001001010
01010001001001100
01010001001010001
01010001001010010
01010001001010100
01010001001100001
01010001001100010
01010001001100100
01010001010001001
01010001010001010
01010001010001100
01010001010010001
01010001010010010
01010001010010100
01010001010100001
01010001010100010
01010001010100100
01010001100001001
01010001100001010
01010001100001100
01010001100010001
01010001100010010
01010001100010100
01010001100100001
01010001100100010
01010001100100100
01010010001001001
01010010001001010
01010010001001100
01010010001010001
01010010001010010
01010010001010100
01010010001100001
01010010001100010
01010010001100100
01010010010001001
01010010010001010
01010010010001100
01010010010010001
01010010010010010
01010010010010100
01010010010100001
01010010010100010
01010010010100100
01010010100001001
01010010100001010
01010010100001100
01010010100010001
01010010100010010
01010010100010100
01010010100100001
01010010100100010
01010010100100100
10000101001001001
10000101001001010
10000101001001100
10000101001010001
10000101001010010
10000101001010100
10000101001100001
10000101001100010
10000101001100100
10000101010001001
10000101010001010
10000101010001100
10000101010010001
10000101010010010
10000101010010100
10000101010100001
10000101010100010
10000101010100100
10000101100001001
10000101100001010
10000101100001100
10000101100010001
10000101100010010
10000101100010100
10000101100100001
10000101100100010
10000101100100100
10000110001001001
10000110001001010
10000110001001100
10000110001010001
10000110001010010
10000110001010100
10000110001100001
10000110001100010
10000110001100100
10000110010001001
10000110010001010
10000110010001100
10000110010010001
10000110010010010
10000110010010100
10000110010100001
10000110010100010
10000110010100100
10000110100001001
10000110100001010
10000110100001100
10000110100010001
10000110100010010
10000110100010100
10000110100100001
10000110100100010
10000110100100100
10001001001001001
10001001001001010
10001001001001100
10001001001010001
10001001001010010
10001001001010100
10001001001100001
10001001001100010
10001001001100100
10001001010001001
10001001010001010
10001001010001100
10001001010010001
10001001010010010
10001001010010100
10001001010100001
10001001010100010
10001001010100100
10001001100001001
10001001100001010
10001001100001100
10001001100010001
10001001100010010
10001001100010100
10001001100100001
10001001100100010
10001001100100100
10001010001001001
10001010001001010
10001010001001100
10001010001010001
10001010001010010
10001010001010100
10001010001100001
10001010001100010
10001010001100100
10001010010001001
10001010010001010
10001010010001100
10001010010010001
10001010010010010
10001010010010100
10001010010100001
10001010010100010
10001010010100100
10001010100001001
10001010100001010
10001010100001100
10001010100010001
10001010100010010
10001010100010100
10001010100100001
10001010100100010
10001010100100100
10010001001001001
10010001001001010
10010001001001100
10010001001010001
10010001001010010
10010001001010100
10010001001100001
10010001001100010
10010001001100100
10010001010001001
10010001010001010
10010001010001100
10010001010010001
10010001010010010
10010001010010100
10010001010100001
10010001010100010
10010001010100100
10010001100001001
10010001100001010
10010001100001100
10010001100010001
10010001100010010
10010001100010100
10010001100100001
10010001100100010
10010001100100100
10010010001001001
10010010001001010
10010010001001100
10010010001010001
10010010001010010
10010010001010100
10010010001100001
10010010001100010
10010010001100100
10010010010001001
10010010010001010
10010010010001100
10010010010010001
10010010010010010
10010010010010100
10010010010100001
10010010010100010
10010010010100100
10010010100001001
10010010100001010
10010010100001100
10010010100010001
10010010100010010
10010010100010100
10010010100100001
10010010100100010
10010010100100100
00100101001001001
00100101001001010
00100101001001100
00100101001010001
00100101001010010
00100101001010100
00100101001100001
00100101001100010
00100101001100100
00100101010001001
00100101010001010
00100101010001100
00100101010010001
00100101010010010
00100101010010100
00100101010100001
00100101010100010
00100101010100100
00100101100001001
00100101100001010
00100101100001100
00100101100010001
00100101100010010
00100101100010100
00100101100100001
00100101100100010
00100101100100100
00100110001001001
00100110001001010
00100110001001100
00100110001010001
00100110001010010
00100110001010100
00100110001100001
00100110001100010
00100110001100100
00100110010001001
00100110010001010
00100110010001100
00100110010010001
00100110010010010
00100110010010100
00100110010100001
00100110010100010
00100110010100100
00100110100001001
00100110100001010
00100110100001100
00100110100010001
00100110100010010
00100110100010100
00100110100100001
00100110100100010
00100110100100100
00101001001001001
00101001001001010
00101001001001100
00101001001010001
00101001001010010
00101001001010100
00101001001100001
00101001001100010
00101001001100100
00101001010001001
00101001010001010
00101001010001100
00101001010010001
00101001010010010
00101001010010100
00101001010100001
00101001010100010
00101001010100100
00101001100001001
00101001100001010
00101001100001100
00101001100010001
00101001100010010
00101001100010100
00101001100100001
00101001100100010
00101001100100100
00101010001001001
00101010001001010
00101010001001100
00101010001010001
00101010001010010
00101010001010100
00101010001100001
00101010001100010
00101010001100100
00101010010001001
00101010010001010
00101010010001100
00101010010010001
00101010010010010
00101010010010100
00101010010100001
00101010010100010
00101010010100100
00101010100001001
00101010100001010
00101010100001100
00101010100010001
00101010100010010
00101010100010100
00101010100100001
00101010100100010
00101010100100100
00110001001001001
00110001001001010
00110001001001100
00110001001010001
00110001001010010
00110001001010100
00110001001100001
00110001001100010
00110001001100100
00110001010001001
00110001010001010
00110001010001100
00110001010010001
00110001010010010
00110001010010100
00110001010100001
00110001010100010
00110001010100100
00110001100001001
00110001100001010
00110001100001100
00110001100010001
00110001100010010
00110001100010100
00110001100100001
00110001100100010
00110001100100100
00110010001001001
00110010001001010
00110010001001100
00110010001010001
00110010001010010
00110010001010100
00110010001100001
00110010001100010
00110010001100100
00110010010001001
00110010010001010
00110010010001100
00110010010010001
00110010010010010
00110010010010100
00110010010100001
00110010010100010
00110010010100100
00110010100001001
00110010100001010
00110010100001100
00110010100010001
00110010100010010
00110010100010100
00110010100100001
00110010100100010
00110010100100100
01000101001001001
01000101001001010
01000101001001100
01000101001010001
01000101001010010
01000101001010100
01000101001100001
01000101001100010
01000101001100100
01000101010001001
01000101010001010
01000101010001100
01000101010010001
01000101010010010
01000101010010100
01000101010100001
01000101010100010
01000101010100100
01000101100001001
01000101100001010
01000101100001100
01000101100010001
01000101100010010
01000101100010100
01000101100100001
01000101100100010
01000101100100100
01000110001001001
01000110001001010
01000110001001100
01000110001010001
01000110001010010
01000110001010100
01000110001100001
01000110001100010
01000110001100100
01000110010001001
01000110010001010
01000110010001100
01000110010010001
01000110010010010
01000110010010100
01000110010100001
01000110010100010
01000110010100100
01000110100001001
01000110100001010
01000110100001100
01000110100010001
01000110100010010
01000110100010100
01000110100100001
01000110100100010
01000110100100100
01001001001001001
01001001001001010
01001001001001100
01001001001010001
01001001001010010
01001001001010100
01001001001100001
01001001001100010
01001001001100100
01001001010001001
01001001010001010
01001001010001100
01001001010010001
01001001010010010
01001001010010100
01001001010100001
01001001010100010
01001001010100100
01001001100001001
01001001100001010
01001001100001100
01001001100010001
01001001100010010
01001001100010100
01001001100100001
01001001100100010
01001001100100100
01001010001001001
01001010001001010
01001010001001100
01001010001010001
01001010001010010
01001010001010100
01001010001100001
01001010001100010
01001010001100100
01001010010001001
01001010010001010
01001010010001100
01001010010010001
01001010010010010
01001010010010100
01001010010100001
01001010010100010
01001010010100100
01001010100001001
01001010100001010
01001010100001100
01001010100010001
01001010100010010
01001010100010100
01001010100100001
01001010100100010
01001010100100100
01010001001001001
01010001001001010
01010001001001100
01010001001010001
01010001001010010
01010001001010100
01010001001100001
01010001001100010
01010001001100100
01010001010001001
01010001010001010
01010001010001100
01010001010010001
01010001010010010
01010001010010100
01010001010100001
01010001010100010
01010001010100100
01010001100001001
01010001100001010
01010001100001100
01010001100010001
01010001100010010
01010001100010100
01010001100100001
01010001100100010
01010001100100100
01010010001001001
01010010001001010
01010010001001100
01010010001010001
01010010001010010
01010010001010100
01010010001100001
01010010001100010
01010010001100100
01010010010001001
01010010010001010
01010010010001100
01010010010010001
01010010010010010
01010010010010100
01010010010100001
01010010010100010
01010010010100100
01010010100001001
01010010100001010
01010010100001100
01010010100010001
01010010100010010
01010010100010100
01010010100100001
01010010100100010
01010010100100100
10000101001001001
10000101001001010
10000101001001100
10000101001010001
10000101001010010
10000101001010100
10000101001100001
10000101001100010
10000101001100100
10000101010001001
10000101010001010
10000101010001100
10000101010010001
10000101010010010
10000101010010100
10000101010100001
10000101010100010
10000101010100100
10000101100001001
10000101100001010
10000101100001100
10000101100010001
10000101100010010
10000101100010100
10000101100100001
10000101100100010
10000101100100100
10000110001001001
10000110001001010
10000110001001100
10000110001010001
10000110001010010
10000110001010100
10000110001100001
10000110001100010
10000110001100100
10000110010001001
10000110010001010
10000110010001100
10000110010010001
10000110010010010
10000110010010100
10000110010100001
10000110010100010
10000110010100100
10000110100001001
10000110100001010
10000110100001100
10000110100010001
10000110100010010
10000110100010100
10000110100100001
10000110100100010
10000110100100100
10001001001001001
10001001001001010
10001001001001100
10001001001010001
10001001001010010
10001001001010100
10001001001100001
10001001001100010
10001001001100100
10001001010001001
10001001010001010
10001001010001100
10001001010010001
10001001010010010
10001001010010100
10001001010100001
10001001010100010
10001001010100100
10001001100001001
10001001100001010
10001001100001100
10001001100010001
10001001100010010
10001001100010100
10001001100100001
10001001100100010
10001001100100100
10001010001001001
10001010001001010
10001010001001100
10001010001010001
10001010001010010
10001010001010100
10001010001100001
10001010001100010
10001010001100100
10001010010001001
10001010010001010
10001010010001100
10001010010010001
10001010010010010
10001010010010100
10001010010100001
10001010010100010
10001010010100100
10001010100001001
10001010100001010
10001010100001100
10001010100010001
10001010100010010
10001010100010100
10001010100100001
10001010100100010
10001010100100100
10010001001001001
10010001001001010
10010001001001100
10010001001010001
10010001001010010
10010001001010100
10010001001100001
10010001001100010
10010001001100100
10010001010001001
10010001010001010
10010001010001100
10010001010010001
10010001010010010
10010001010010100
10010001010100001
10010001010100010
10010001010100100
10010001100001001
10010001100001010
10010001100001100
10010001100010001
10010001100010010
10010001100010100
10010001100100001
10010001100100010
10010001100100100
10010010001001001
10010010001001010
10010010001001100
10010010001010001
10010010001010010
10010010001010100
10010010001100001
10010010001100010
10010010001100100
10010010010001001
10010010010001010
10010010010001100
10010010010010001
10010010010010010
10010010010010100
10010010010100001
10010010010100010
10010010010100100
10010010100001001
10010010100001010
10010010100001100
10010010100010001
10010010100010010
10010010100010100
10010010100100001
10010010100100010
10010010100100100
